A;B
3,66415E-05;0,26367188
0,036641453;0,30273438
0,073282906;0,32226562
0,10992436;0,34179688
0,14656581;0,38085938
0,18320727;0,40039062
0,21984872;0,41992188
0,25649017;0,43945312
0,29313162;0,45898438
0,32977308;0,47851563
0,36641453;0,49804688
0,40305598;0,51757812
0,43969744;0,53710938
0,47633889;0,55664062
0,51298034;0,57617188
0,5496218;0,57617188
0,58626325;0,59570312
0,6229047;0,61523438
0,65954615;0,61523438
0,69618761;0,63476562
0,73282906;0,65429688
0,76947051;0,65429688
0,80611197;0,67382812
0,84275342;0,69335938
0,87939487;0,69335938
0,91603633;0,71289062
0,95267778;0,71289062
0,98931923;0,73242188
1,0259607;0,73242188
1,0626021;0,75195312
1,0992436;0,75195312
1,135885;0,77148438
1,1725265;0,77148438
1,2091679;0,79101562
1,2458094;0,79101562
1,2824509;0,79101562
1,3190923;0,81054688
1,3557338;0,81054688
1,3923752;0,81054688
1,4290167;0,83007812
1,4656581;0,83007812
1,5022996;0,83007812
1,538941;0,84960938
1,5755825;0,84960938
1,6122239;0,84960938
1,6488654;0,86914062
1,6855068;0,86914062
1,7221483;0,86914062
1,7587897;0,86914062
1,7954312;0,88867188
1,8320727;0,88867188
1,8687141;0,88867188
1,9053556;0,88867188
1,941997;0,90820312
1,9786385;0,90820312
2,0152799;0,90820312
2,0519214;0,90820312
2,0885628;0,90820312
2,1252043;0,92773438
2,1618457;0,92773438
2,1984872;0,92773438
2,2351286;0,92773438
2,2717701;0,92773438
2,3084115;0,94726562
2,345053;0,94726562
2,3816944;0,94726562
2,4183359;0,94726562
2,4549774;0,94726562
2,4916188;0,94726562
2,5282603;0,96679688
2,5649017;0,96679688
2,6015432;0,96679688
2,6381846;0,96679688
2,6748261;0,96679688
2,7114675;0,96679688
2,748109;0,96679688
2,7847504;0,98632813
2,8213919;0,98632813
2,8580333;0,98632813
2,8946748;0,98632813
2,9313162;0,98632813
2,9679577;0,98632813
3,0045991;1,0058594
3,0412406;1,0058594
3,0778821;1,0058594
3,1145235;1,0058594
3,151165;1,0058594
3,1878064;1,0058594
3,2244479;1,0058594
3,2610893;1,0058594
3,2977308;1,0253906
3,3343722;1,0253906
3,3710137;1,0253906
3,4076551;1,0253906
3,4442966;1,0253906
3,480938;1,0253906
3,5175795;1,0253906
3,5542209;1,0253906
3,5908624;1,0449219
3,6275038;1,0449219
3,6641453;1,0449219
3,7007868;1,0449219
3,7374282;1,0449219
3,7740697;1,0449219
3,8107111;1,0449219
3,8473526;1,0449219
3,883994;1,0449219
3,9206355;1,0644531
3,9572769;1,0644531
3,9939184;1,0644531
4,0305598;1,0644531
4,0672013;1,0644531
4,1038427;1,0644531
4,1404842;1,0644531
4,1771256;1,0644531
4,2137671;1,0644531
4,2504085;1,0839844
4,28705;1,0839844
4,3236915;1,0839844
4,3603329;1,0839844
4,3969744;1,0839844
4,4336158;1,0839844
4,4702573;1,0839844
4,5068987;1,0839844
4,5435402;1,0839844
4,5801816;1,0839844
4,6168231;1,0839844
4,6534645;1,1035156
4,690106;1,1035156
4,7267474;1,1035156
4,7633889;1,1035156
4,8000303;1,1035156
4,8366718;1,1035156
4,8733133;1,1035156
4,9099547;1,1035156
4,9465962;1,1035156
4,9832376;1,1035156
5,0198791;1,1035156
